crdm_sure_amt,crdm_sure_p,crdm_lott,crdm_lott_p,crdm_amb_lev,crdm_domain
2.86,100,22.21,13,0,gain
2.86,100,24.21,13,0,gain
2.86,100,62.14,13,0,gain
2.86,100,26.21,13,0,gain
5.67,100,43.74,25,0,gain
5.67,100,24.21,25,0,gain
5.67,100,22.21,25,0,gain
5.67,100,63.68,25,0,gain
5.67,100,26.21,25,0,gain
5.67,100,5.44,25,0,gain
8.79,100,0.00,38,0,gain
8.79,100,24.21,38,0,gain
8.79,100,11.72,38,0,gain
8.79,100,50.00,38,0,gain
8.79,100,26.21,38,0,gain
8.79,100,37.00,38,0,gain
8.79,100,22.21,38,0,gain
11.72,100,33.91,50,0,gain
11.72,100,43.74,50,0,gain
11.72,100,5.44,50,0,gain
11.72,100,24.21,50,0,gain
11.72,100,14.68,50,0,gain
11.72,100,22.21,50,0,gain
11.72,100,26.21,50,0,gain
17.91,100,22.21,75,0,gain
17.91,100,11.56,75,0,gain
17.91,100,26.21,75,0,gain
17.91,100,17.83,75,0,gain
17.91,100,30.66,75,0,gain
17.91,100,24.21,75,0,gain
17.91,100,37.17,75,0,gain
9.91,100,13.04,50,24,gain
9.91,100,35.61,50,24,gain
9.91,100,2.35,50,24,gain
9.91,100,47.18,50,24,gain
9.91,100,26.21,50,24,gain
9.91,100,24.21,50,24,gain
9.91,100,22.21,50,24,gain
7.96,100,52.60,50,50,gain
7.96,100,10.51,50,50,gain
7.96,100,38.28,50,50,gain
7.96,100,26.21,50,50,gain
7.96,100,22.21,50,50,gain
7.96,100,24.21,50,50,gain
6.19,100,60.48,50,74,gain
6.19,100,42.16,50,74,gain
6.19,100,24.21,50,74,gain
6.19,100,26.21,50,74,gain
6.19,100,22.21,50,74,gain
6.19,100,6.88,50,74,gain
-0.32,100,-15.92,13,0,loss
-0.32,100,-13.92,13,0,loss
-0.32,100,-11.92,13,0,loss
-1.08,100,-0.00,25,0,loss
-1.08,100,-15.92,25,0,loss
-1.08,100,-13.92,25,0,loss
-1.08,100,-11.92,25,0,loss
-1.08,100,-50.00,25,0,loss
-2.34,100,-15.92,38,0,loss
-2.34,100,-65.53,38,0,loss
-2.34,100,-1.92,38,0,loss
-2.34,100,-11.92,38,0,loss
-2.34,100,-13.92,38,0,loss
-2.34,100,-35.37,38,0,loss
-3.87,100,-29.41,50,0,loss
-3.87,100,-50.00,50,0,loss
-3.87,100,-0.00,50,0,loss
-3.87,100,-3.87,50,0,loss
-3.87,100,-13.92,50,0,loss
-3.87,100,-11.92,50,0,loss
-3.87,100,-15.92,50,0,loss
-8.19,100,-6.59,75,0,loss
-8.19,100,-35.72,75,0,loss
-8.19,100,-1.83,75,0,loss
-8.19,100,-11.92,75,0,loss
-8.19,100,-23.66,75,0,loss
-8.19,100,-15.92,75,0,loss
-8.19,100,-13.92,75,0,loss
-6.13,100,-25.55,50,24,loss
-6.13,100,-5.59,50,24,loss
-6.13,100,-0.85,50,24,loss
-6.13,100,-13.92,50,24,loss
-6.13,100,-40.31,50,24,loss
-6.13,100,-15.92,50,24,loss
-6.13,100,-11.92,50,24,loss
-9.10,100,-23.06,50,50,loss
-9.10,100,-2.23,50,50,loss
-9.10,100,-15.92,50,50,loss
-9.10,100,-6.93,50,50,loss
-9.10,100,-13.92,50,50,loss
-9.10,100,-11.92,50,50,loss
-9.10,100,-34.26,50,50,loss
-12.31,100,-15.92,50,74,loss
-12.31,100,-21.54,50,74,loss
-12.31,100,-7.84,50,74,loss
-12.31,100,-11.92,50,74,loss
-12.31,100,-30.66,50,74,loss
-12.31,100,-13.92,50,74,loss
-12.31,100,-3.40,50,74,loss
